0.995106
0.969855
0.980677
0.978630
0.959481
0.989470
0.971588
1.000000
1.000000
1.000000
1.000000
1.000000
1.000000
1.000000
1.000000
1.000000
1.000000
1.000000
1.000000
1.000000
1.000000
1.000000
1.000000
1.000000
1.000000
1.000000
1.000000
1.000000
1.000000
1.000000
1.000000
1.000000
1.000000
1.000000
1.000000
1.000000
1.000000
1.000000
1.000000
1.000000
1.000000
1.000000
1.000000
1.000000
1.000000
1.000000
1.000000
1.000000
1.000000
1.000000
1.000000
1.000000
1.000000
1.000000
1.000000
1.000000
1.000000
1.000000
1.000000
1.000000
0.988574
0.928113
0.914918
0.879774
0.986401
0.964881
0.966201
0.978747
0.943572
0.968588
0.991236
1.000000
0.993666
1.000000
0.949059
0.931927
0.959054
0.966175
0.963293
0.965411
0.985523
1.000000
1.000000
1.000000
1.000000
1.000000
1.000000
1.000000
1.000000
1.000000
1.000000
1.000000
1.000000
1.000000
1.000000
1.000000
1.000000
1.000000
1.000000
1.000000
1.000000
1.000000
1.000000
1.000000
1.000000
1.000000
1.000000
1.000000
1.000000
1.000000
1.000000
1.000000
1.000000
1.000000
1.000000
1.000000
1.000000
1.000000
1.000000
1.000000
1.000000
1.000000
1.000000
1.000000
1.000000
1.000000
1.000000
1.000000
1.000000
1.000000
1.000000
1.000000
1.000000
1.000000
1.000000
1.000000
1.000000
0.998616
1.000000
1.000000
1.000000
1.000000
1.000000
1.000000
1.000000
1.000000
1.000000
1.000000
1.000000
1.000000
1.000000
1.000000
1.000000
1.000000
1.000000
1.000000
1.000000
1.000000
1.000000
1.000000
1.000000
1.000000
1.000000
1.000000
1.000000
1.000000
1.000000
1.000000
1.000000
1.000000
1.000000
1.000000
1.000000
1.000000
1.000000
1.000000
1.000000
1.000000
1.000000
1.000000
1.000000
1.000000
1.000000
1.000000
1.000000
1.000000
1.000000
1.000000
1.000000
1.000000
1.000000
1.000000
1.000000
1.000000
1.000000
1.000000
1.000000
0.975983
1.000000
1.000000
1.000000
1.000000
1.000000
1.000000
1.000000
1.000000
1.000000
1.000000
1.000000
1.000000
1.000000
1.000000
1.000000
1.000000
1.000000
0.993409
0.988250
0.980344
0.929741
0.889068
0.909174
0.892800
0.935661
0.973597
0.941409
0.942362
0.984268
0.992486
0.967725
0.925975
0.897924
0.934558
0.938024
0.935045
0.895778
0.888079
0.912034
0.949389
0.878629
0.925312
0.977360
0.943394
0.896799
0.849181
0.863357
0.905830
0.957802
0.932008
0.934655
0.929509
0.980027
0.945590
0.917971
0.990789
0.981424
0.941403
0.913588
0.890996
0.899223
0.838073
0.911069
0.967864
0.959839
0.871814
0.897389
0.880575
0.908151
0.918242
0.913918
0.909698
0.918008
0.960845
0.909546
0.925379
0.836452
0.804713
0.772297
0.819625
0.820064
0.830605
0.882628
0.853631
0.864568
0.905256
0.910109
0.853400
0.871040
0.822807
0.824627
0.812919
0.819572
0.758768
0.785419
0.771551
0.812547
0.807482
0.811003
0.688862
0.695668
0.745194
0.686211
0.684834
0.660189
0.682070
0.678746
0.647436
0.702864
0.707752
0.714602
0.774746
0.795765
0.737306
0.729562
0.720884
0.814170
0.843250
0.855335
0.817750
0.783789
0.773083
0.742017
0.690104
0.697170
0.728938
0.723687
0.757923
0.772381
0.819510
0.823990
0.799983
0.776804
0.779708
0.791691
0.811142
0.830345
0.801580
0.797227
0.776661
0.821490
0.867196
0.810941
0.821167
0.766518
0.815255
0.859915
