0.973683
1.000000
1.000000
1.000000
1.000000
1.000000
1.000000
1.000000
1.000000
0.781504
1.000000
0.618417
0.120295
0.004451
0.000000
0.000000
0.264705
0.516561
0.356048
0.477227
0.273509
0.663509
0.864000
0.784422
0.518870
0.697156
0.526101
0.433744
0.396266
0.178150
0.000000
0.009828
0.633809
0.587384
0.718180
0.575796
0.946995
0.434606
0.370507
0.278219
0.534883
0.519284
0.028118
0.000000
0.000000
0.000000
0.000000
0.000000
0.000000
0.000000
0.000000
0.000000
0.000000
0.000000
0.000000
0.000000
0.000000
0.000000
0.000000
0.000000
0.000000
0.000000
0.000000
0.000000
0.000000
0.000000
0.000000
0.000000
0.000000
0.000000
0.000000
0.000000
0.185183
0.189343
0.000000
0.000000
0.000000
0.000000
0.000000
0.000000
0.000000
0.000000
0.000000
0.000000
0.000000
0.000000
0.000000
0.000000
0.000000
0.000000
0.048320
0.115301
0.334017
0.000000
0.000000
0.000000
0.000000
0.000000
0.000000
0.000000
0.000000
0.000000
0.000000
0.225507
0.523737
0.757614
0.647991
0.550063
0.563096
0.612935
0.799055
0.819613
1.000000
1.000000
0.848002
0.642385
0.461733
0.000000
0.000000
0.210123
0.390022
0.588270
0.732807
0.539499
0.569653
0.233888
0.184460
0.574180
0.714352
0.504207
0.404961
0.074156
0.851643
0.751909
0.603231
0.507862
0.470910
0.719902
0.639253
1.000000
1.000000
1.000000
1.000000
1.000000
1.000000
1.000000
1.000000
1.000000
1.000000
1.000000
1.000000
1.000000
1.000000
1.000000
1.000000
1.000000
1.000000
1.000000
0.661023
0.433917
0.765195
0.971780
0.983648
1.000000
1.000000
1.000000
1.000000
1.000000
1.000000
1.000000
1.000000
1.000000
1.000000
1.000000
1.000000
1.000000
1.000000
1.000000
1.000000
1.000000
1.000000
1.000000
1.000000
1.000000
1.000000
1.000000
1.000000
1.000000
1.000000
1.000000
1.000000
0.956895
1.000000
1.000000
1.000000
1.000000
1.000000
1.000000
1.000000
1.000000
1.000000
1.000000
1.000000
1.000000
1.000000
1.000000
1.000000
1.000000
1.000000
1.000000
1.000000
1.000000
1.000000
1.000000
1.000000
1.000000
1.000000
1.000000
1.000000
1.000000
1.000000
1.000000
0.868098
0.927456
0.662071
0.984194
0.842544
0.566917
0.310714
0.319158
0.000000
0.000000
0.019657
0.060606
0.000000
0.000000
0.000000
0.000000
0.000000
0.000000
0.000000
0.000000
0.457382
0.834277
0.666794
0.597698
0.419456
0.148438
0.372866
0.648723
0.642493
0.842100
0.339836
0.345222
0.543324
0.439755
0.780732
0.748821
0.830822
0.571070
0.531718
0.505461
0.354024
0.219682
0.267222
0.503342
0.544607
0.685614
1.000000
1.000000
1.000000
1.000000
1.000000
1.000000
1.000000
0.733621
0.632990
0.766154
0.451608
0.232151
0.474785
0.266720
0.567915
0.191147
0.179836
0.370399
0.758196
0.664460
1.000000
1.000000
1.000000
1.000000
1.000000
1.000000
1.000000
1.000000
1.000000
1.000000
1.000000
1.000000
1.000000
1.000000
1.000000
1.000000
1.000000
1.000000
1.000000
1.000000
1.000000
1.000000
1.000000
1.000000
1.000000
1.000000
1.000000
1.000000
1.000000
1.000000
1.000000
1.000000
1.000000
1.000000
1.000000
1.000000
1.000000
1.000000
1.000000
1.000000
1.000000
1.000000
1.000000
1.000000
1.000000
1.000000
1.000000
1.000000
1.000000
1.000000
1.000000
1.000000
1.000000
1.000000
1.000000
1.000000
1.000000
