1.000000
1.000000
1.000000
1.000000
1.000000
1.000000
1.000000
1.000000
0.875000
0.625000
1.000000
1.000000
1.000000
1.000000
1.000000
1.000000
1.000000
1.000000
1.000000
1.000000
1.000000
1.000000
0.625000
1.000000
0.855422
1.000000
1.000000
1.000000
1.000000
1.000000
1.000000
1.000000
1.000000
1.000000
1.000000
0.915663
1.000000
1.000000
1.000000
1.000000
1.000000
1.000000
1.000000
1.000000
1.000000
1.000000
1.000000
1.000000
1.000000
1.000000
1.000000
1.000000
0.883534
1.000000
1.000000
1.000000
1.000000
1.000000
1.000000
1.000000
1.000000
1.000000
1.000000
1.000000
1.000000
1.000000
1.000000
1.000000
1.000000
1.000000
1.000000
1.000000
1.000000
1.000000
1.000000
1.000000
0.618474
1.000000
1.000000
1.000000
0.987952
1.000000
1.000000
1.000000
0.052209
1.000000
1.000000
1.000000
1.000000
0.875000
1.000000
0.750000
1.000000
1.000000
1.000000
1.000000
1.000000
0.827309
1.000000
1.000000
1.000000
0.919679
1.000000
1.000000
1.000000
1.000000
1.000000
1.000000
0.875000
1.000000
1.000000
1.000000
1.000000
1.000000
0.566265
1.000000
1.000000
1.000000
1.000000
1.000000
1.000000
1.000000
1.000000
1.000000
1.000000
1.000000
1.000000
0.915663
1.000000
1.000000
1.000000
1.000000
0.815261
0.642570
1.000000
1.000000
1.000000
1.000000
0.795181
1.000000
1.000000
1.000000
1.000000
1.000000
1.000000
1.000000
1.000000
0.939759
1.000000
1.000000
0.875502
1.000000
1.000000
1.000000
0.939759
0.967871
0.975904
1.000000
1.000000
1.000000
0.971888
1.000000
1.000000
1.000000
1.000000
1.000000
0.907631
0.763052
0.995984
1.000000
1.000000
0.951807
1.000000
0.750000
0.787149
1.000000
0.979920
1.000000
0.441767
1.000000
1.000000
0.751004
1.000000
1.000000
0.951807
1.000000
0.867470
1.000000
0.811245
0.437751
1.000000
1.000000
1.000000
1.000000
0.625000
1.000000
1.000000
1.000000
1.000000
1.000000
1.000000
1.000000
1.000000
1.000000
0.702811
1.000000
1.000000
1.000000
1.000000
1.000000
1.000000
1.000000
1.000000
0.875000
1.000000
1.000000
1.000000
1.000000
1.000000
1.000000
1.000000
1.000000
1.000000
1.000000
1.000000
1.000000
1.000000
0.995984
1.000000
1.000000
1.000000
1.000000
0.606426
1.000000
0.959839
1.000000
1.000000
1.000000
1.000000
1.000000
1.000000
1.000000
1.000000
1.000000
1.000000
1.000000
1.000000
1.000000
1.000000
0.903614
1.000000
0.783133
1.000000
1.000000
1.000000
1.000000
1.000000
1.000000
1.000000
1.000000
0.987952
1.000000
1.000000
1.000000
0.963855
1.000000
1.000000
1.000000
1.000000
1.000000
1.000000
1.000000
1.000000
1.000000
1.000000
1.000000
0.907631
1.000000
1.000000
1.000000
1.000000
1.000000
1.000000
1.000000
1.000000
1.000000
1.000000
1.000000
1.000000
1.000000
1.000000
1.000000
1.000000
0.811245
1.000000
1.000000
1.000000
1.000000
1.000000
0.759036
1.000000
1.000000
1.000000
1.000000
1.000000
1.000000
0.783133
1.000000
1.000000
1.000000
0.875502
0.915663
1.000000
1.000000
1.000000
0.429719
0.787149
1.000000
1.000000
1.000000
1.000000
1.000000
0.429719
1.000000
1.000000
1.000000
1.000000
1.000000
1.000000
1.000000
0.341365
1.000000
1.000000
0.738956
1.000000
1.000000
1.000000
1.000000
1.000000
1.000000
1.000000
0.429719
0.887550
1.000000
0.983936
