1.000000
1.000000
1.000000
1.000000
1.000000
0.800000
1.000000
1.000000
1.000000
1.000000
1.000000
1.000000
1.000000
1.000000
0.933333
1.000000
1.000000
1.000000
1.000000
1.000000
1.000000
1.000000
1.000000
0.933333
1.000000
1.000000
1.000000
1.000000
1.000000
1.000000
1.000000
1.000000
1.000000
1.000000
1.000000
1.000000
1.000000
0.000000
1.000000
1.000000
1.000000
1.000000
1.000000
1.000000
1.000000
1.000000
1.000000
1.000000
1.000000
1.000000
1.000000
1.000000
1.000000
1.000000
1.000000
1.000000
1.000000
1.000000
0.933333
1.000000
1.000000
1.000000
1.000000
1.000000
1.000000
1.000000
1.000000
1.000000
0.466667
1.000000
1.000000
1.000000
1.000000
1.000000
1.000000
1.000000
1.000000
0.933333
1.000000
1.000000
1.000000
1.000000
1.000000
1.000000
1.000000
1.000000
1.000000
1.000000
1.000000
1.000000
1.000000
1.000000
0.733333
1.000000
1.000000
1.000000
1.000000
1.000000
1.000000
1.000000
1.000000
1.000000
1.000000
1.000000
1.000000
1.000000
1.000000
1.000000
1.000000
1.000000
1.000000
1.000000
1.000000
1.000000
1.000000
1.000000
1.000000
1.000000
1.000000
1.000000
0.933333
0.000000
1.000000
1.000000
1.000000
1.000000
1.000000
1.000000
1.000000
1.000000
1.000000
1.000000
1.000000
0.866667
1.000000
1.000000
1.000000
1.000000
1.000000
0.733333
1.000000
1.000000
1.000000
1.000000
1.000000
1.000000
0.933333
1.000000
1.000000
1.000000
1.000000
1.000000
1.000000
1.000000
0.666667
0.800000
1.000000
1.000000
1.000000
1.000000
0.866667
1.000000
1.000000
1.000000
1.000000
1.000000
1.000000
1.000000
1.000000
0.866667
1.000000
0.933333
1.000000
1.000000
1.000000
0.866667
1.000000
1.000000
1.000000
1.000000
1.000000
1.000000
1.000000
1.000000
0.800000
1.000000
1.000000
0.866667
1.000000
1.000000
1.000000
1.000000
1.000000
1.000000
0.866667
1.000000
1.000000
1.000000
1.000000
1.000000
1.000000
1.000000
1.000000
1.000000
1.000000
1.000000
1.000000
1.000000
1.000000
1.000000
1.000000
0.000000
1.000000
1.000000
1.000000
1.000000
1.000000
1.000000
1.000000
1.000000
1.000000
1.000000
1.000000
0.000000
1.000000
1.000000
1.000000
1.000000
1.000000
1.000000
1.000000
1.000000
0.800000
1.000000
1.000000
1.000000
0.600000
1.000000
1.000000
1.000000
1.000000
1.000000
1.000000
1.000000
1.000000
1.000000
1.000000
1.000000
1.000000
1.000000
1.000000
1.000000
1.000000
1.000000
1.000000
1.000000
1.000000
1.000000
1.000000
1.000000
1.000000
1.000000
0.800000
1.000000
1.000000
1.000000
1.000000
1.000000
1.000000
1.000000
1.000000
1.000000
1.000000
1.000000
1.000000
1.000000
1.000000
1.000000
1.000000
0.800000
1.000000
1.000000
1.000000
1.000000
0.933333
1.000000
1.000000
1.000000
1.000000
1.000000
1.000000
1.000000
1.000000
1.000000
1.000000
1.000000
1.000000
1.000000
1.000000
1.000000
0.933333
1.000000
1.000000
0.733333
1.000000
1.000000
1.000000
1.000000
1.000000
0.800000
1.000000
0.866667
1.000000
1.000000
1.000000
0.733333
0.800000
1.000000
0.933333
1.000000
1.000000
1.000000
0.533333
1.000000
1.000000
1.000000
1.000000
1.000000
0.800000
1.000000
1.000000
0.866667
0.666667
1.000000
1.000000
1.000000
1.000000
1.000000
1.000000
1.000000
0.733333
0.933333
0.800000
1.000000
0.800000
