1.000000
1.000000
1.000000
1.000000
1.000000
1.000000
1.000000
1.000000
1.000000
0.997560
1.000000
0.928143
0.885051
0.864291
0.899480
0.902168
0.883428
0.888113
0.831278
0.889835
0.870590
0.903609
0.855527
0.803534
0.808478
0.845759
0.812401
0.774356
0.701307
0.715786
0.734965
0.683769
0.673311
0.617933
0.576319
0.585128
0.581944
0.584170
0.679185
0.696401
0.700099
0.716626
0.784728
0.774734
0.766786
0.652350
0.646905
0.675433
0.659366
0.704809
0.689276
0.748605
0.704453
0.730549
0.753102
0.736340
0.854307
0.832908
0.868446
0.847496
0.879769
0.843077
0.821788
0.821612
0.861373
0.867884
0.855096
0.846167
0.856999
0.861814
0.828275
0.798807
0.789303
0.738500
0.750853
0.720864
0.765855
0.704712
0.709838
0.724072
0.705569
0.765205
0.718985
0.704090
0.635264
0.600372
0.638304
0.599163
0.634809
0.632514
0.599327
0.603056
0.614069
0.637213
0.599025
0.619723
0.669205
0.706569
0.710799
0.651015
0.661369
0.628844
0.646434
0.643221
0.635885
0.627703
0.600732
0.611998
0.564118
0.630985
0.727675
0.725844
0.724123
0.729805
0.687004
0.635303
0.634046
0.710241
0.736122
0.693089
0.618266
0.529645
0.497318
0.498217
0.497287
0.494081
0.494303
0.494002
0.494684
0.497847
0.497753
0.493602
0.492387
0.491186
0.493836
0.491668
0.494962
0.494471
0.497968
0.591448
0.611253
0.597425
0.558715
0.644357
0.693217
0.667831
0.685667
0.648414
0.660875
0.597416
0.561147
0.549213
0.552118
0.537120
0.535749
0.553508
0.578154
0.572125
0.548512
0.496914
0.495642
0.497441
0.497317
0.498662
0.497430
0.496588
0.490721
0.489863
0.491026
0.490151
0.486526
0.493407
0.492367
0.493722
0.496547
0.496907
0.498351
0.498893
0.527425
0.543541
0.580828
0.620567
0.559997
0.547913
0.530802
0.579561
0.602646
0.592083
0.600845
0.630878
0.689475
0.684846
0.667400
0.639568
0.653110
0.686364
0.775869
0.873203
0.823990
0.813551
0.749977
0.828913
0.869707
0.878082
0.826951
0.800954
0.844604
0.903051
0.896756
0.867168
0.919055
0.937374
0.928784
0.956307
0.925811
0.909955
0.936963
0.936608
0.965218
0.940019
1.000000
0.948266
0.987275
0.990057
1.000000
0.977378
0.951990
0.975904
1.000000
1.000000
1.000000
1.000000
1.000000
1.000000
0.963983
0.953934
0.961007
0.947583
0.903102
0.924028
0.945585
0.982372
1.000000
1.000000
0.988573
1.000000
1.000000
1.000000
1.000000
1.000000
1.000000
1.000000
1.000000
1.000000
1.000000
1.000000
1.000000
1.000000
1.000000
1.000000
1.000000
1.000000
1.000000
1.000000
1.000000
1.000000
1.000000
1.000000
1.000000
1.000000
1.000000
1.000000
1.000000
1.000000
1.000000
1.000000
1.000000
1.000000
1.000000
1.000000
1.000000
1.000000
1.000000
1.000000
1.000000
1.000000
1.000000
1.000000
1.000000
1.000000
0.994031
1.000000
1.000000
0.978877
0.952634
0.927325
0.951130
1.000000
0.997180
0.977485
0.954099
0.948339
0.941487
0.907053
0.901031
0.919676
0.874503
0.871857
0.909130
0.886573
0.868506
0.872476
0.903751
0.919341
0.915868
0.913957
0.890521
0.911733
0.902658
0.919252
0.906027
0.895175
0.919147
0.957989
0.994651
0.939107
0.938603
0.920477
0.916446
0.960993
0.914617
0.935593
0.942820
0.936337
0.980296
1.000000
1.000000
0.992034
0.987428
1.000000
1.000000
1.000000
1.000000
0.975718
0.933539
